CHIL   Z  2021 09 13 09 28 55.946        1 e Lg        2 X         1   40.4465 -104.6382     1424.        0  9999999
CHIL   Z  2021 09 13 09 28 12.311        2 e P         2 X         2   40.4465 -104.6382     1424.        0  9999999
LAMA   Z  2021 09 13 09 27 42.899        3 i S         0 X         3   38.2730 -102.6453     1182.        0  9999999
LAMA   Z  2021 09 13 09 27 31.381        4 i P         0 C         4   38.2730 -102.6453     1182.        0  9999999
MCSU   Z  2021 09 13 09 28 13.583        5 i P         0 D         5   40.5685 -105.5878     2756.        0  9999999
Q24A   Z  2021 09 13 09 28 26.493        6 i S         0 X         6   38.9641 -105.1492     2772.        0  9999999
Q24A   Z  2021 09 13 09 27 53.338        7 e P         2 X         7   38.9641 -105.1492     2772.        0  9999999
S22A   Z  2021 09 13 09 28  9.665        8 e P         2 X         8   37.7461 -106.8293     2624.        0  9999999
T25A   Z  2021 09 13 09 27 53.236        9 i S         0 X         9   37.1388 -104.4109     2013.        0  9999999
T25A   Z  2021 09 13 09 27 37.086       10 i P         0 D        10   37.1388 -104.4109     2013.        0  9999999
